1361810326.383044958 10.9736264584718           2.1883                0 0 0 0.00131626361555526 0.999999133724672
1361810326.783390045 11.2227126286629 2.19101692976381                0 0 0 0.00839933643317823 0.999964724951577
1361810327.183740377 11.4700704897348 2.19871871611779                0 0 0 0.023139199483885 0.999732252879362
1361810327.584085464 11.7229541438248 2.21513749835539                0 0 0 0.0437395109431097 0.999042969637672
1361810327.984409094 11.9753169170252 2.24251701249416                0 0 0 0.071393377004416 0.997448237113037
1361810328.384778023 12.2224383886068 2.28551683236774                0 0 0 0.104205039019071 0.994555835457735
1361810328.785106421 12.4632616142975 2.34560036830206                0 0 0 0.14258243669886 0.98978293011398
1361810329.185453653  12.702780341799 2.42647723363403                0 0 0 0.184551011827387 0.982822936257334
1361810329.585780621 12.9250069329073 2.52406041533546                0 0 0 0.228913428751241 0.973446784440398
1361810329.986129761 13.1442724594016 2.64513654468301                0 0 0 0.273210282743018 0.961954334364932
1361810330.386495829 13.3510776556531 2.78045751034131                0 0 0 0.300667068377411 0.953729161760997
1361810330.786822796  13.555158314427 2.92855325388675                0 0 0 0.315273177285929 0.949000960844632
1361810331.187149763 13.7550364880007 3.08156318692414                0 0 0 0.32007575962133 0.94739195062172
1361810331.587496758 13.9556611938639  3.2341569309723                0 0 0 0.313057440502089 0.949734193838613
1361810331.987854719 14.1603740023404 3.38143950158814                0 0 0 0.29305026357972 0.956097036401566
1361810332.388172626 14.3667822541851 3.51057384394103                0 0 0 0.250377298779811 0.968148340005665
1361810332.688436031 14.5208877746892 3.58823831192105                0 0 0 0.196010793420836 0.980601738149864
1361810332.888600588 14.6217926108198 3.62402111757469                0 0 0 0.144555622009631 0.989496676166933
1361810333.088788271 14.7179283450479 3.64808745047923                0 0 0 0.0807754612544086 0.996732323574959
1361810333.288951635 14.8040893908026 3.65595134368332                0 0 0 0.0100942738501096 0.999949051519846
1361810333.489134550 14.8813176678837 3.65265931978291                0 0 0 -0.0663779338937061 0.997794552947651
1361810333.689298391 14.9529947468641 3.63718826672697                0 0 0 -0.142123957200836 0.989848867650802
1361810333.889461994 15.0309231797125 3.60703940814696                0 0 0 -0.209729771701075 0.977759389043243
1361810334.089646101 15.1166649585241 3.56454667140526                0 0 0 -0.269757292141095 0.962928347976475
1361810334.289808035 15.2012210857592 3.50516758457907                0 0 0 -0.31982927157648 0.947475190726838
1361810334.590310335 15.3251094555007 3.39705837764687                0 0 0 -0.376188854184898 0.926543008169105
1361810334.990400791 15.4880645144299 3.22052493692994                0 0 0 -0.417042989857937 0.908886761159141
1361810335.390748024 15.6439192545222 3.02741218528102                0 0 0 -0.434036540284416 0.900895266775187
1361810335.791096210 15.7995583462262 2.82645613341902                0 0 0 -0.433608648450171 0.901101292857366
1361810336.191442251 15.9624811700459 2.62893339224162                0 0 0 -0.411724831672681 0.911308215141344
1361810336.591771126 16.1319974309519 2.45512982467235                0 0 0 -0.354953709552432 0.934883877321118
1361810336.791954279 16.2220219764929 2.38235214976597                0 0 0 -0.306524437724494 0.951862788997281
1361810336.992141962 16.3100259395688 2.32842507490324                0 0 0 -0.24993791240624 0.96826186537631
1361810337.192281723 16.4002338560228 2.28580803414833                0 0 0 -0.190843957791443 0.981620386796494
1361810337.392464161 16.4933076894578 2.25611912245687                0 0 0 -0.129371729878179 0.991596165537326
1361810337.592696190   16.58518687311 2.23894409975403                0 0 0 -0.0655947944468286 0.997846342350103
1361810337.792814732 16.6748434259153 2.23310543831843                0 0 0 -0.00106329497897518 0.999999434701734
1361810337.992977858 16.7652986241475 2.23899377262394                0 0 0 0.0643266890608759 0.99792889379678
1361810338.193159580 16.8548341989877  2.2566815365132                0 0 0 0.129282714661318 0.99160777512573
1361810338.393324852 16.9415856566136 2.28642299216338                0 0 0 0.191955510198504 0.98140362853641
1361810338.593489408 17.0275823000502 2.32806697474108                0 0 0 0.251779569707749 0.967784608411283
1361810338.793795824 17.1078499370292 2.38015850977038                0 0 0 0.310661737966999 0.950520533478011
1361810338.993835688 17.1808873821322 2.44277545209987                0 0 0 0.369047953706484 0.929410354937504
1361810339.193997860 17.2455264375568 2.51305028661877                0 0 0 0.427664483810706 0.903937547227087
1361810339.394163609 17.2977036966629 2.58755528677455                0 0 0 0.488635275600008 0.872488147449181
1361810339.594347239 17.3373105946233 2.66645003207972                0 0 0 0.547695405982963 0.836677800748387
1361810339.794510841 17.3680263694024 2.75184171355356                0 0 0 0.600727081227676 0.79945417246999
1361810339.995030165 17.3829285882306  2.8448188417989                0 0 0 0.649357256683232 0.760483499619043
1361810340.194858313  17.393459256486 2.94317276901999                0 0 0 0.691830845324984 0.722059610736481
1361810340.395021439 17.3939506984559 3.04771419953596                0 0 0 0.726836774509812 0.68681023814455
1361810340.595214844 17.3829129210388 3.15860120865922                0 0 0 0.756761270054183 0.653691349297189
1361810340.895451069 17.3474310349615 3.32388557186891                0 0 0 0.794693906352267 0.607010374875565
1361810341.195719481 17.2920447106788 3.49417564392946                0 0 0 0.823522984117933 0.567282905285797
1361810341.495962143 17.2260934198554 3.65194218348419                0 0 0 0.851960321772041 0.523606350349269
1361810341.696146250 17.1702193643755 3.74728073496571                0 0 0 0.875779364260064 0.482711616947674
1361810341.896309853 17.1116024303552 3.83095583806654                0 0 0 0.903296625194074 0.429016557854119
1361810342.096495628 17.0534926725771  3.8928855267313                0 0 0 0.932505077043979 0.361156865208462
1361810342.296657562 16.9984620593512 3.93709609262684                0 0 0 0.959023136760332 0.283327766303224
1361810342.496821165 16.9458629276482 3.96624412379625                0 0 0 0.979663536131646 0.200647342304949
1361810342.697005987 16.8984263444714 3.98219660471214                0 0 0 0.993482288867944 0.113986585639328
1361810342.897171497 16.8479052741108 3.98945242339036                0 0 0 0.99954702768308 0.0300955054770766
1361810343.097332954 16.7980577573569 3.98583806271677                0 0 0 0.998432383553492 -0.0559712021640825
1361810343.297517776 16.7410488711609 3.97311641277368                0 0 0 0.990249824109884 -0.139302856576392
1361810343.497679949  16.682245492965 3.95004120580977                0 0 0 0.97532949684779 -0.22075409980029
1361810343.697843552 16.6258954803605 3.91132997535392                0 0 0 0.955796836525882 -0.294027902225479
1361810343.898027420 16.5558141401659 3.85614987264513                0 0 0 0.935000423609581 -0.354646595711709
1361810344.198272943 16.4423271346323 3.74098005019865                0 0 0 0.911190575710305 -0.411985114702853
1361810344.598619938 16.2882941095179 3.55482711107561                0 0 0 0.89936777562847 -0.43719286837859
1361810344.998970032 16.1318558647636 3.35362441432103                0 0 0 0.895967294901448 -0.444120036101708
1361810345.399315119 15.9763787862826 3.15031631504533                0 0 0 0.897401365817083 -0.441215127380776
1361810345.799642324 15.8167087150208 2.95320555696725                0 0 0 0.904517461929043 -0.426436585045704
1361810346.199990273 15.6524389628781 2.76586761022801                0 0 0 0.917874608446002 -0.396870511842464
1361810346.500255108 15.5219735721775 2.63629426120031                0 0 0 0.93371785120276 -0.358009740573214
1361810346.800500870 15.3878420266979 2.52755449117311                0 0 0 0.954620444053897 -0.297825129554812
